Webots Project File version R2021a
perspectives: 000000ff00000000fd000000030000000000000069000003ccfc0100000002fb0000001e00480074006d006c0052006f0062006f007400570069006e0064006f00770000000000000000690000000000000000fb0000001a0044006f00630075006d0065006e0074006100740069006f006e0000000000ffffffff0000006900ffffff000000010000014f00000192fc0200000001fb0000001400540065007800740045006400690074006f00720100000016000001920000008900ffffff00000003000006400000019ffc0100000001fb0000001a0043006f006e0073006f006c00650041006c006c0041006c006c0100000000000006400000006900ffffff000004ef0000019200000001000000020000000100000008fc00000000
simulationViewPerspectives: 000000ff0000000100000002000001cd000002130100000002010000000100
sceneTreePerspectives: 000000ff0000000100000002000000c0000000000100000002010000000200
minimizedPerspectives: 000000ff00000000fd000000030000000000000069000003ccfc0100000002fb0000001a0044006f00630075006d0065006e0074006100740069006f006e0000000000ffffffff0000006900fffffffb0000001e00480074006d006c0052006f0062006f007400570069006e0064006f00770100000000000000690000006900ffffff00000001000002300000029bfc0200000001fb0000001400540065007800740045006400690074006f007201000000160000029b0000008900ffffff00000003000007150000012ffc0100000001fb0000001a0043006f006e0073006f006c00650041006c006c0041006c006c010000006b000007150000006900ffffff000004e30000029b00000001000000020000000100000008fc00000000
maximizedDockId: -1
centralWidgetVisible: 1
orthographicViewHeight: 1
textFiles: 0 "controllers/comm/comm.cpp" "controllers/comm/default_config"
consoles: Console:All:All
renderingDevicePerspectives: Caren:caren_camera;1;0.174;0.239106;0.0131579
renderingDevicePerspectives: Caren:range-finder;1;0.246667;0.360894;0.0115132
renderingDevicePerspectives: robot:camera_center;1;0.539063;0.138547;0.00493421
