Webots Project File version R2021a
perspectives: 000000ff00000000fd00000003000000000000006900000318fc0100000003fb0000001e00480074006d006c0052006f0062006f007400570069006e0064006f00770000000000000000690000000000000000fb0000001e00480074006d006c0052006f0062006f007400570069006e0064006f00770000000000000000690000000000000000fb0000001a0044006f00630075006d0065006e0074006100740069006f006e0000000000ffffffff0000006900ffffff000000010000024d000002f8fc0200000001fb0000001400540065007800740045006400690074006f00720000000016000002f80000008900ffffff000000030000078000000039fc0100000001fb0000001a0043006f006e0073006f006c00650041006c006c0041006c006c0100000000000007800000006900ffffff000007800000039100000001000000020000000100000008fc00000000
simulationViewPerspectives: 000000ff0000000100000002000001aa000003860100000002010000000100
sceneTreePerspectives: 000000ff0000000100000002000000c0000000fa0100000002010000000200
minimizedPerspectives: 000000ff00000000fd000000030000000000000069000003ccfc0100000002fb0000001a0044006f00630075006d0065006e0074006100740069006f006e0000000000ffffffff0000006900fffffffb0000001e00480074006d006c0052006f0062006f007400570069006e0064006f00770100000000000000690000006900ffffff0000000100000160000002d6fc0200000001fb0000001400540065007800740045006400690074006f00720100000016000002d60000008900ffffff0000000300000715000000f4fc0100000001fb0000001a0043006f006e0073006f006c00650041006c006c0041006c006c010000006b000007150000006900ffffff000005b3000002d600000001000000020000000100000008fc00000000
maximizedDockId: -1
centralWidgetVisible: 1
orthographicViewHeight: 1
textFiles: 0 "Perception/two_hands/world/controllers/my_controller/my_controller.cpp"
consoles: Console:All:All
renderingDevicePerspectives: Caren:camera_center;1;0.504;0.769257;0.654574
renderingDevicePerspectives: Caren:range-finder;1;0.35;0.874678;0.488402
renderingDevicePerspectives: robot:display;1;1;0.858261;0.33056
